0.680375 -0.211234
0.566198 0.59688
-0.329554 0.536459
-0.444451 0.10794
-0.0452059 0.257742
-0.270431 0.0268018
0.271423 0.434594
-0.716795 0.213938
-0.725537 0.608354
-0.686642 -0.198111
0.0258648 0.678224
0.22528 -0.407937
0.275105 0.0485744
-0.012834 0.94555
-0.414966 0.542715
0.05349 0.539828
-0.199543 0.783059
-0.433371 -0.295083
0.0519907 -0.827888
-0.615572 0.326454
0.780465 -0.302214
-0.0845965 -0.873808
-0.466669 0.0795207
-0.249586 0.520497
0.0250707 0.335448
0.0632129 -0.921439
-0.124725 0.86367
0.86162 0.441905
-0.431413 0.477069
0.279958 -0.291903
0.375723 -0.668052
-0.119791 0.76015
0.658402 -0.339326
-0.542064 0.786745
-0.29928 0.37334
0.912937 0.17728
0.314608 0.717353
-0.12088 0.84794
-0.203127 0.629534
0.368437 0.821944
-0.0350187 -0.56835
0.282161 -0.136093
0.239193 -0.437881
0.572004 -0.385084
-0.105933 -0.547787
-0.624934 -0.447531
0.112888 -0.166997
-0.00911187 0.52095
0.36889 -0.233623
0.499542 -0.262673
-0.411679 -0.535477
0.168977 -0.511175
-0.69522 0.464297
-0.74905 0.586941
-0.671796 0.490143
-0.894941 0.0431268
-0.647579 -0.519875
0.595596 0.465309
0.313127 0.93481
0.278917 0.51947
0.0404201 -0.843536
-0.0771591 0.639355
0.146637 0.511162
0.187784 -0.639255
-0.673737 -0.21662
-0.281809 0.10497
0.15886 -0.0948483
0.374775 -0.80072
0.061616 0.514588
0.153942 0.755228
0.495619 0.25782
0.746543 0.662075
