0.823295 -0.604897
0.904459 0.83239
-0.967399 -0.514226
-0.740419 -0.782382
0.997849 -0.563486
0.615449 0.838053
-0.860489 0.898654
-0.871657 -0.959954
-0.52344 0.941268
0.804416 0.70184
0.900505 0.840257
-0.70468 0.762124
-0.660786 0.813608
-0.793658 -0.747849
0.969503 0.870008
-0.85094 0.900208
-0.813039 -0.730195
-0.860187 -0.59069
-0.896122 -0.684386
0.999987 -0.591343
0.779911 -0.749063
0.995598 -0.891885
0.74108 -0.855342
-0.991677 0.846138
0.826053 0.63939
-0.39141 0.984457
-0.929158 0.495606
0.666477 0.850753
